# Detector n: 1D Projection
  0.0000000000E+00  5.0000000000E-02  2.82152E-05  5.62209E-01
  5.0000000000E-02  1.0000000000E-01  2.87177E-05  5.56364E-01
  1.0000000000E-01  1.5000000000E-01  2.88802E-05  5.52989E-01
  1.5000000000E-01  2.0000000000E-01  2.91615E-05  5.76005E-01
  2.0000000000E-01  2.5000000000E-01  2.95613E-05  5.31198E-01
  2.5000000000E-01  3.0000000000E-01  2.98303E-05  5.72714E-01
  3.0000000000E-01  3.5000000000E-01  2.98425E-05  5.70611E-01
  3.5000000000E-01  4.0000000000E-01  2.99359E-05  5.77096E-01
  4.0000000000E-01  4.5000000000E-01  3.07407E-05  5.66062E-01
  4.5000000000E-01  5.0000000000E-01  3.08392E-05  5.64932E-01
  5.0000000000E-01  5.5000000000E-01  3.10452E-05  5.24900E-01
  5.5000000000E-01  6.0000000000E-01  3.12243E-05  5.36790E-01
  6.0000000000E-01  6.5000000000E-01  3.15301E-05  5.32189E-01
  6.5000000000E-01  7.0000000000E-01  3.16876E-05  5.47998E-01
  7.0000000000E-01  7.5000000000E-01  3.21688E-05  5.78498E-01
  7.5000000000E-01  8.0000000000E-01  3.23387E-05  5.48971E-01
  8.0000000000E-01  8.5000000000E-01  3.27335E-05  5.52760E-01
  8.5000000000E-01  9.0000000000E-01  3.34388E-05  5.84883E-01
  9.0000000000E-01  9.5000000000E-01  3.36166E-05  5.53297E-01
  9.5000000000E-01  1.0000000000E+00  3.39678E-05  5.65813E-01
  1.0000000000E+00  1.0500000000E+00  3.41855E-05  5.27217E-01
  1.0500000000E+00  1.1000000000E+00  3.43972E-05  4.94926E-01
  1.1000000000E+00  1.1500000000E+00  3.49485E-05  5.21916E-01
  1.1500000000E+00  1.2000000000E+00  3.53665E-05  5.36676E-01
  1.2000000000E+00  1.2500000000E+00  3.59597E-05  4.89597E-01
  1.2500000000E+00  1.3000000000E+00  3.64856E-05  5.16148E-01
  1.3000000000E+00  1.3500000000E+00  3.70462E-05  5.48576E-01
  1.3500000000E+00  1.4000000000E+00  3.73101E-05  4.92553E-01
  1.4000000000E+00  1.4500000000E+00  3.77157E-05  5.11757E-01
  1.4500000000E+00  1.5000000000E+00  3.82578E-05  4.97471E-01
  1.5000000000E+00  1.5500000000E+00  3.92273E-05  5.09678E-01
  1.5500000000E+00  1.6000000000E+00  3.98217E-05  5.43363E-01
  1.6000000000E+00  1.6500000000E+00  4.03204E-05  5.37085E-01
  1.6500000000E+00  1.7000000000E+00  4.09737E-05  5.38993E-01
  1.7000000000E+00  1.7500000000E+00  4.16665E-05  5.54055E-01
  1.7500000000E+00  1.8000000000E+00  4.25855E-05  5.47873E-01
  1.8000000000E+00  1.8500000000E+00  4.31340E-05  5.27685E-01
  1.8500000000E+00  1.9000000000E+00  4.38962E-05  5.28300E-01
  1.9000000000E+00  1.9500000000E+00  4.48911E-05  5.39699E-01
  1.9500000000E+00  2.0000000000E+00  4.61357E-05  5.48555E-01
  2.0000000000E+00  2.0500000000E+00  4.71652E-05  5.20321E-01
  2.0500000000E+00  2.1000000000E+00  4.81238E-05  5.11814E-01
  2.1000000000E+00  2.1500000000E+00  4.95253E-05  5.09991E-01
  2.1500000000E+00  2.2000000000E+00  5.10439E-05  5.08392E-01
  2.2000000000E+00  2.2500000000E+00  5.24208E-05  4.86580E-01
  2.2500000000E+00  2.3000000000E+00  5.42452E-05  4.94483E-01
  2.3000000000E+00  2.3500000000E+00  5.61000E-05  4.88008E-01
  2.3500000000E+00  2.4000000000E+00  5.83079E-05  4.87280E-01
  2.4000000000E+00  2.4500000000E+00  6.09963E-05  4.91265E-01
  2.4500000000E+00  2.5000000000E+00  6.38115E-05  5.01138E-01
  2.5000000000E+00  2.5500000000E+00  6.73805E-05  5.05108E-01
  2.5500000000E+00  2.6000000000E+00  7.17982E-05  5.11431E-01
  2.6000000000E+00  2.6500000000E+00  7.71468E-05  5.02611E-01
  2.6500000000E+00  2.7000000000E+00  8.42097E-05  5.04701E-01
  2.7000000000E+00  2.7500000000E+00  9.40179E-05  4.87726E-01
  2.7500000000E+00  2.8000000000E+00  1.09416E-04  4.78725E-01
  2.8000000000E+00  2.8500000000E+00  1.39035E-04  4.82251E-01
  2.8500000000E+00  2.9000000000E+00  1.68989E-04  5.23155E-01
  2.9000000000E+00  2.9500000000E+00  9.42168E-05  6.68680E-01
  2.9500000000E+00  3.0000000000E+00  1.13921E-05  1.72318E+00
  3.0000000000E+00  3.0500000000E+00  2.04765E-07  1.10232E+01
  3.0500000000E+00  3.1000000000E+00  5.33929E-09  1.83948E+01
  3.1000000000E+00  3.1500000000E+00  1.01803E-08  3.36845E+01
  3.1500000000E+00  3.2000000000E+00  9.31872E-09  3.84887E+01
  3.2000000000E+00  3.2500000000E+00  9.10082E-09  3.89449E+01
  3.2500000000E+00  3.3000000000E+00  1.19164E-08  3.49343E+01
  3.3000000000E+00  3.3500000000E+00  8.51171E-09  1.69157E+01
  3.3500000000E+00  3.4000000000E+00  8.56031E-09  2.18752E+01
  3.4000000000E+00  3.4500000000E+00  1.14719E-08  2.80962E+01
  3.4500000000E+00  3.5000000000E+00  6.14114E-09  1.87931E+01
  3.5000000000E+00  3.5500000000E+00  4.88765E-09  2.03202E+01
  3.5500000000E+00  3.6000000000E+00  5.28028E-09  1.96023E+01
  3.6000000000E+00  3.6500000000E+00  6.10065E-09  2.70589E+01
  3.6500000000E+00  3.7000000000E+00  2.08650E-08  4.57960E+01
  3.7000000000E+00  3.7500000000E+00  2.00177E-08  3.27448E+01
  3.7500000000E+00  3.8000000000E+00  7.82454E-09  4.71179E+01
  3.8000000000E+00  3.8500000000E+00  2.45174E-09  2.56153E+01
  3.8500000000E+00  3.9000000000E+00  7.87925E-09  5.38210E+01
  3.9000000000E+00  3.9500000000E+00  8.32729E-09  5.42498E+01
  3.9500000000E+00  4.0000000000E+00  2.04374E-09  3.36462E+01
  4.0000000000E+00  4.0500000000E+00  9.46397E-09  7.08019E+01
  4.0500000000E+00  4.1000000000E+00  8.95125E-09  6.75096E+01
  4.1000000000E+00  4.1500000000E+00  1.79422E-09  2.77676E+01
  4.1500000000E+00  4.2000000000E+00  2.36145E-09  2.51431E+01
  4.2000000000E+00  4.2500000000E+00  9.45879E-09  3.72133E+01
  4.2500000000E+00  4.3000000000E+00  1.16760E-08  3.15663E+01
  4.3000000000E+00  4.3500000000E+00  8.38110E-09  3.48723E+01
  4.3500000000E+00  4.4000000000E+00  1.71525E-08  3.36271E+01
  4.4000000000E+00  4.4500000000E+00  8.37212E-09  3.89049E+01
  4.4500000000E+00  4.5000000000E+00  5.39911E-09  2.09577E+01
  4.5000000000E+00  4.5500000000E+00  7.73497E-09  4.21504E+01
  4.5500000000E+00  4.6000000000E+00  6.47006E-09  3.06820E+01
  4.6000000000E+00  4.6500000000E+00  5.14785E-09  2.15035E+01
  4.6500000000E+00  4.7000000000E+00  8.65021E-09  3.47278E+01
  4.7000000000E+00  4.7500000000E+00  8.54685E-09  2.82804E+01
  4.7500000000E+00  4.8000000000E+00  1.44107E-08  5.77282E+01
  4.8000000000E+00  4.8500000000E+00  3.73598E-09  2.43306E+01
  4.8500000000E+00  4.9000000000E+00  6.05973E-09  3.44018E+01
  4.9000000000E+00  4.9500000000E+00  8.15351E-09  4.42754E+01
  4.9500000000E+00  5.0000000000E+00  1.10973E-08  5.13523E+01
  5.0000000000E+00  5.0000000000E+00  1.10973E-08  5.13523E+01
